Popescu Ion 1971123456789 160 30.0 0 2018 9000.0
Ionescu Maria 1980912345678 140 25.0 2 2015 5687.5
Vasilescu Alexandru 1970223456789 180 35.0 3 2020 7875.0
Stanescu Elena 1980309123456 130 22.5 1 2016 5118.75
Radulescu Ana 1970623456789 170 28.0 2 2003 8353.8
Constantinescu Andrei 1980312345678 150 27.5 0 2022 6806.25
Stoica Andreea 1970912345678 120 20.0 2 2015 3900.0
Dumitru Gabriela 1980123456789 190 32.5 0 2015 11578.125
Mihai Dan 1970912345678 160 26.0 3 2023 4576.0
Georgescu Ioana 1980412345678 140 24.5 0 2014 6431.25
Marin Andrei 1970309123456 180 34.0 2 2015 9945.0
Dragomir Anca 1980512345678 130 23.0 1 2016 5232.5
Petrescu Sorin 1970423456789 170 29.5 0 2017 9403.125
Popa Daniela 1980223456789 150 28.0 0 2015 7875.0
Ciobanu Iulia 1970823456789 120 21.5 1 2016 4515.0
Andronescu Razvan 1980412345678 190 33.0 0 2013 12696.75
Tanase Maria 1970623456789 160 27.5 1 2015 7700.0
Florescu Catalin 1980912345678 140 26.0 2 2014 5915.0
Tudor Vlad 1970512345678 180 32.5 1 2013 11056.5
Gheorghe Andreea 1980723456789 130 22.0 2 2013 5019.3
Ludescu Victoria 1933531224 150 65.0 3 2016 12187.5
Rotaru Ion 19334865654 200 55.0 1 2011 20790.0
